# Exported from 3D Builder
o Object.1
v 26.145950 2.913697 8.099387
v 25.948473 2.782966 9.593659
v 26.724920 3.035519 6.706946
v 26.724920 2.530413 12.480371
v 27.645929 2.425803 13.676087
v 27.645929 3.140129 5.511232
v 28.846210 2.345532 14.593593
v 30.243969 2.295072 15.170361
v 28.846210 3.220400 4.593727
v 30.243969 3.270860 4.016960
v 31.743948 2.277861 15.367085
v 31.743948 3.288071 3.820236
v 33.243927 3.270860 4.016960
v 34.641685 3.220400 4.593727
v 36.762978 2.530413 12.480371
v 36.762978 3.035519 6.706946
v 37.539425 2.782966 9.593659
v 33.243927 2.295072 15.170361
v 34.641685 2.345532 14.593593
v 35.841969 2.425803 13.676087
v 31.694193 13.698914 10.577513
v 37.341949 2.652235 11.087932
v 37.341949 2.913697 8.099387
v 35.841969 3.140129 5.511232
v 26.145950 2.652235 11.087932
v 30.883095 9.030460 12.950337
v 27.492483 10.196749 10.186975
v 28.793461 19.212450 11.743524
v 28.049210 18.180521 12.971134
v 26.750191 15.527000 13.491837
v 26.185207 15.645878 12.133039
v 30.170361 9.502297 7.557171
v 30.572439 10.546579 6.188369
v 29.570219 10.510399 6.601922
v 28.709593 10.452843 7.259791
v 30.883095 9.528028 7.263070
v 30.869240 8.820029 8.712599
v 31.244862 8.833590 8.557603
v 28.721491 14.720949 5.494640
v 35.745975 13.487282 14.588533
v 34.545692 13.407011 15.506038
v 29.109715 11.009300 14.671221
v 29.570219 9.883101 13.772026
v 29.558319 9.097122 12.188388
v 30.546684 8.606495 11.153323
v 31.619228 8.501415 10.088597
v 31.244862 19.724766 12.530674
v 30.170361 19.056059 13.531106
v 30.572439 18.011776 14.899910
v 33.125549 9.056190 12.656235
v 31.676682 8.501415 10.088597
v 32.426670 8.584925 11.399886
v 31.688580 20.049065 11.089715
v 35.246700 18.180521 12.971134
v 34.586319 18.105513 13.828485
v 35.237568 16.853039 14.372649
v 36.545719 15.527000 13.491837
v 36.044315 16.944672 13.325275
v 36.716740 14.024122 13.459467
v 35.786598 13.918474 14.667036
v 31.633085 8.510588 9.983748
v 31.633085 20.047768 11.104528
v 30.883095 19.030329 13.825209
v 30.334064 16.738525 15.681540
v 31.647955 16.723450 15.853859
v 31.647955 17.999435 15.040964
v 31.647955 15.280550 16.308804
v 26.628925 13.591894 13.392817
v 31.676682 20.056942 10.999680
v 31.662825 20.057442 10.993962
v 32.412815 19.527895 8.137941
v 32.051048 19.986992 9.533395
v 32.426670 19.973431 9.688391
v 33.125549 19.502165 8.432042
v 32.723469 18.711437 6.902699
v 33.111694 16.249557 5.232906
v 34.475681 16.200315 5.795739
v 34.186195 17.549057 6.417058
v 34.574417 14.720949 5.494640
v 31.647955 12.292006 16.047340
v 31.647955 13.339340 16.279530
v 31.647955 13.769066 16.374798
v 34.186195 11.775631 5.911951
v 33.111694 13.261013 4.971445
v 33.125549 9.502297 7.557171
v 32.723469 10.546579 6.188369
v 32.051048 8.833590 8.557603
v 31.676682 8.510088 9.989466
v 31.647955 19.991617 9.480529
v 31.647955 19.536673 8.037628
v 32.961845 17.593256 5.911845
v 32.961845 11.819830 5.406738
v 31.647955 11.834906 5.234419
v 31.647955 10.558920 6.047311
v 31.647955 9.536804 7.162757
v 32.412815 9.528028 7.263070
v 31.647955 8.838215 8.504737
v 31.647955 8.510759 9.981798
v 31.662825 8.510588 9.983748
v 26.579170 14.024122 13.459467
v 26.750191 12.538456 13.230374
v 25.994461 14.147152 12.053224
v 28.709593 18.105513 13.828485
v 29.088686 19.150331 12.453547
v 27.251593 16.944672 13.325275
v 27.648947 15.424917 14.658664
v 28.058340 16.853039 14.372649
v 31.647955 8.513287 10.039692
v 31.592461 20.051310 11.064058
v 30.143591 19.820747 11.433594
v 27.634077 18.267870 11.972727
v 32.412815 19.030329 13.825209
v 31.647955 19.021553 13.925520
v 32.961845 16.738525 15.681540
v 33.111694 15.297344 16.116833
v 33.162804 13.786448 16.176123
v 31.647955 9.834579 14.326635
v 31.647955 9.021685 13.050650
v 31.647955 8.566738 11.607748
v 36.044315 11.613686 7.763002
v 36.551460 11.506977 8.982695
v 35.246700 10.377834 8.117144
v 31.703449 8.507048 10.024219
v 33.152317 8.737608 9.654683
v 31.697710 20.055109 11.020628
v 31.688580 20.056145 11.008776
v 35.246700 18.542692 8.831472
v 36.044315 17.387112 8.268109
v 34.586319 18.617701 7.974121
v 37.500881 14.279179 10.544139
v 37.303406 12.784906 10.413408
v 36.666985 14.096998 7.619392
v 36.716740 14.534235 7.628809
v 36.545719 13.031357 7.596441
v 35.237568 11.705318 6.715629
v 34.586319 10.452843 7.259791
v 34.207226 9.408024 8.634729
v 33.737591 9.461367 8.025019
v 32.996731 8.770346 9.280489
v 31.697710 8.508255 10.010414
v 31.688580 8.509293 9.998562
v 32.749226 19.951860 9.934954
v 33.737591 19.461235 8.899890
v 33.725689 18.675255 7.316252
v 35.237568 17.478745 7.220736
v 35.646961 16.121984 6.691077
v 35.786598 14.639883 6.421241
v 37.443428 13.844446 10.506105
v 37.110703 12.912477 8.955238
v 37.245953 13.975176 9.011833
v 34.475681 13.211771 5.534277
v 33.725689 10.510399 6.601922
v 32.749226 8.798458 8.959162
v 32.426670 8.820029 8.712599
v 36.551460 11.277952 11.600476
v 35.661831 10.103012 11.258397
v 35.803425 10.196749 10.186975
v 34.603146 9.279243 10.106704
v 33.205387 8.702477 10.056243
v 31.703449 8.504456 10.053844
v 31.647955 20.045069 11.048587
v 31.703449 20.053900 11.034432
v 33.205387 19.855879 11.032035
v 34.502449 19.345774 10.219625
v 34.603146 19.279112 10.981575
v 35.661831 18.455343 9.829880
v 35.803425 18.361607 10.901304
v 37.303406 15.773451 10.674870
v 37.110703 15.901022 9.216701
v 37.301449 14.411205 9.035053
v 36.724434 11.392466 10.291586
v 35.661831 10.290485 9.115550
v 34.502449 9.345905 9.344754
v 31.705406 8.505752 10.039032
v 32.996731 19.923748 10.256281
v 34.207226 19.407892 9.509601
v 33.152317 19.891010 10.630475
v 36.551460 17.280403 9.487802
v 36.545719 16.019901 7.857903
v 25.795027 14.279179 10.544139
v 25.852480 13.844446 10.506105
v 35.237568 11.079613 13.867542
v 35.246700 10.015664 12.256804
v 34.207226 9.150464 11.578676
v 33.737591 9.097122 12.188388
v 34.586319 9.940657 13.114157
v 29.088686 9.408024 8.634729
v 29.558319 9.461367 8.025019
v 30.546684 8.798458 8.959162
v 31.592461 8.504456 10.053844
v 31.607330 8.509293 9.998562
v 31.619228 8.510088 9.989466
v 26.185207 15.901022 9.216701
v 28.793461 19.345774 10.219625
v 29.088686 19.407892 9.509601
v 28.820229 13.211771 5.534277
v 30.184216 13.261013 4.971445
v 30.334064 11.819830 5.406738
v 27.634077 10.290485 9.115550
v 31.598200 20.055109 11.020628
v 29.558319 19.461235 8.899890
v 28.709593 18.617701 7.974121
v 31.662825 8.500916 10.094315
v 31.676682 20.048269 11.098811
v 32.051048 19.724766 12.530674
v 33.725689 18.047956 14.486355
v 32.723469 18.011776 14.899910
v 26.744452 17.280403 9.487802
v 28.049210 18.542692 8.831472
v 27.251593 17.387112 8.268109
v 30.546684 19.951860 9.934954
v 30.869240 19.973431 9.688391
v 34.475681 15.346586 15.554000
v 28.750217 14.281879 5.506172
v 34.475681 12.358042 15.292538
v 33.111694 12.308800 15.855370
v 32.961845 10.965099 15.176434
v 27.648947 12.436373 14.397202
v 28.750217 13.407011 15.506038
v 27.549934 13.487282 14.588533
v 26.744452 17.051378 12.105583
v 25.992504 15.773451 10.674870
v 31.647955 13.277807 4.779472
v 30.147976 14.332340 4.929405
v 31.647955 14.349550 4.732679
v 31.647955 14.789291 4.713480
v 25.992504 12.784906 10.413408
v 26.185207 12.657333 11.871577
v 27.549934 14.201609 6.423677
v 27.509310 14.639883 6.421241
v 33.147934 13.356552 16.082806
v 31.647955 8.500744 10.096265
v 31.662825 20.047768 11.104528
v 31.647955 20.047598 11.106479
v 31.647955 19.720140 12.583540
v 28.058340 17.478745 7.220736
v 27.648947 16.121984 6.691077
v 29.570219 18.675255 7.316252
v 30.572439 18.711437 6.902699
v 28.049210 10.015664 12.256804
v 27.634077 10.103012 11.258397
v 34.186195 16.782726 15.176327
v 34.574417 13.837408 15.593637
v 35.646961 15.424917 14.658664
v 35.646961 12.436373 14.397202
v 34.186195 11.009300 14.671221
v 26.049955 13.975176 9.011833
v 26.750191 13.031357 7.596441
v 26.628925 14.096998 7.619392
v 26.579170 14.534235 7.628809
v 28.058340 11.079613 13.867542
v 27.251593 11.171246 12.820168
v 28.709593 9.940657 13.114157
v 30.299179 8.634607 10.831996
v 31.607330 8.502211 10.079501
v 31.607330 20.049065 11.089715
v 30.869240 19.738327 12.375678
v 31.619228 20.048269 11.098811
v 29.088686 9.150464 11.578676
v 30.143591 8.667345 10.457802
v 31.598200 8.503248 10.067648
v 31.598200 20.050100 11.077862
v 30.299179 19.788010 11.807788
v 32.749226 8.606495 11.153323
v 31.688580 8.502211 10.079501
v 31.703449 20.051310 11.064058
v 31.697710 20.050100 11.077862
v 32.996731 19.788010 11.807788
v 34.502449 19.212450 11.743524
v 31.647955 20.057611 10.992012
v 31.633085 20.057442 10.993962
v 30.546684 19.759897 12.129115
v 29.558319 19.096991 13.063259
v 29.570219 18.047956 14.486355
v 29.109715 16.782726 15.176327
v 27.509310 13.918474 14.667036
v 34.545692 14.281879 5.506172
v 33.162804 14.771910 4.912157
v 28.820229 12.358042 15.292538
v 33.147934 14.332340 4.929405
v 28.058340 11.705318 6.715629
v 34.207226 19.150331 12.453547
v 35.661831 18.267870 11.972727
v 37.110703 15.645878 12.133039
v 35.646961 13.133440 6.429615
v 35.745975 14.201609 6.423677
v 37.110703 12.657333 11.871577
v 36.044315 11.171246 12.820168
v 34.502449 9.212583 10.868652
v 32.996731 8.634607 10.831996
v 33.152317 8.667345 10.457802
v 31.697710 8.503248 10.067648
v 31.705406 20.052605 11.049246
v 33.152317 19.820747 11.433594
v 36.724434 17.165892 10.796693
v 36.551460 17.051378 12.105583
v 31.590502 20.052605 11.049246
v 30.090523 19.855879 11.032035
v 30.143591 19.891010 10.630475
v 30.334064 10.965099 15.176434
v 30.572439 9.846920 14.185580
v 31.647955 10.950024 15.348752
v 32.051048 8.571363 11.554882
v 33.125549 19.056059 13.531106
v 32.749226 19.759897 12.129115
v 32.426670 19.738327 12.375678
v 33.737591 19.096991 13.063259
v 29.109715 11.775631 5.911951
v 30.883095 19.527895 8.137941
v 30.170361 19.502165 8.432042
v 30.299179 19.923748 10.256281
v 31.592461 20.053900 11.034432
v 31.647955 18.723778 6.761641
v 31.244862 19.986992 9.533395
v 28.793461 9.345905 9.344754
v 31.590502 8.505752 10.039032
v 31.619228 20.056942 10.999680
v 26.571474 11.392466 10.291586
v 26.744452 11.277952 11.600476
v 28.692764 9.279243 10.106704
v 28.793461 9.212583 10.868652
v 30.090523 8.702477 10.056243
v 30.147976 13.356552 16.082806
v 28.692764 19.279112 10.981575
v 27.634077 18.455343 9.829880
v 26.571474 17.165892 10.796693
v 27.492483 18.361607 10.901304
v 31.607330 20.056145 11.008776
v 30.143591 8.737608 9.654683
v 30.299179 8.770346 9.280489
v 31.592461 8.507048 10.024219
v 31.598200 8.508255 10.010414
v 27.251593 11.613686 7.763002
v 26.185207 12.912477 8.955238
v 28.049210 10.377834 8.117144
v 26.744452 11.506977 8.982695
v 29.109715 17.549057 6.417058
v 30.184216 16.249557 5.232906
v 28.820229 16.200315 5.795739
v 30.133106 14.771910 4.912157
v 27.648947 13.133440 6.429615
v 30.334064 17.593256 5.911845
v 31.647955 16.266352 5.040936
v 31.647955 17.608332 5.739525
v 26.049955 13.713715 12.000377
v 36.666985 13.591894 13.392817
v 28.820229 15.346586 15.554000
v 30.184216 15.297344 16.116833
v 28.721491 13.837408 15.593637
v 30.133106 13.786448 16.176123
v 30.184216 12.308800 15.855370
v 30.170361 9.056190 12.656235
v 30.869240 8.584925 11.399886
v 31.244862 8.571363 11.554882
v 31.633085 8.500916 10.094315
v 26.750191 16.019901 7.857903
v 25.994461 14.411205 9.035053
v 36.545719 12.538456 13.230374
v 37.301449 14.147152 12.053224
v 37.245953 13.713715 12.000377
v 32.723469 9.846920 14.185580
v 33.725689 9.883101 13.772026
v 32.412815 9.030460 12.950337
v 30.777819 14.779701 11.568140
v 31.088478 11.873365 17.713224
v 32.588478 12.428980 11.362479
v 30.539440 13.914608 17.891809
v 30.539440 14.470222 11.541064
v 32.327538 11.786373 11.055304
v 32.824974 11.991634 11.073261
v 30.335316 12.318157 11.101829
v 29.801502 13.239233 11.182411
v 30.389589 13.358112 11.192812
v 29.731224 13.771015 11.228936
v 30.389589 14.131615 11.260485
v 29.801502 14.302799 11.275461
v 30.007545 14.798342 11.318815
v 30.777819 14.801489 11.319091
v 31.450251 15.188240 11.352926
v 30.335316 15.223875 11.356045
v 31.838478 15.239157 11.357382
v 32.588478 12.450768 11.113430
v 33.579903 12.743689 11.139057
v 33.287369 13.358112 11.192812
v 33.856224 13.771015 11.228936
v 33.287369 14.131615 11.260485
v 33.785946 14.302799 11.275461
v 33.137516 14.492010 11.292015
v 33.579903 14.798342 11.318815
v 33.252132 15.223875 11.356045
v 32.824974 15.550398 11.384611
v 31.793724 15.825668 11.408694
v 31.838478 12.228783 11.344964
v 32.226707 12.279699 11.349419
v 32.588478 11.846130 18.024536
v 32.226707 11.724085 17.700165
v 33.137516 12.420315 17.761076
v 33.252132 11.713518 18.012934
v 32.899139 12.083601 18.045311
v 33.137516 12.393080 18.072388
v 33.287369 12.753475 18.103916
v 33.338478 13.140226 18.137753
v 33.287369 13.526978 18.171589
v 33.785946 13.698162 18.186565
v 33.137516 13.887373 18.203119
v 33.579903 14.193705 18.229919
v 32.899139 14.196852 18.230196
v 32.226707 14.583603 18.264032
v 32.824974 14.945761 18.295715
v 31.259909 15.151020 18.313675
v 32.327538 15.151020 18.313675
v 31.259909 11.181736 17.966408
v 32.824974 11.386995 17.984367
v 31.838478 11.645933 18.007021
v 30.335316 11.713518 18.012934
v 31.450251 11.696850 18.011475
v 31.088478 11.846130 18.024536
v 30.389589 12.753475 18.103916
v 29.801502 13.698162 18.186565
v 30.335316 14.619236 18.267149
v 30.777819 14.196852 18.230196
v 31.450251 14.583603 18.264032
v 31.838478 14.634520 18.268486
v 31.450251 11.724085 17.700165
v 31.450251 15.166452 11.601976
v 31.088478 14.461557 17.939661
v 31.088478 12.428980 11.362479
v 30.389589 13.336325 11.441861
v 31.088478 15.017172 11.588916
v 32.588478 15.017172 11.588916
v 29.731224 13.166378 18.140041
v 29.801502 12.634594 18.093517
v 30.007545 12.139051 18.050163
v 30.007545 12.743689 11.139057
v 30.762474 11.386995 17.984367
v 30.762474 11.991634 11.073261
v 31.259909 11.786373 11.055304
v 31.793724 11.111725 17.960283
v 31.793724 11.716362 11.049178
v 32.327538 11.181736 17.966408
v 33.252132 12.318157 11.101829
v 33.579903 12.139051 18.050163
v 33.785946 12.634594 18.093517
v 32.899139 14.779701 11.568140
v 32.588478 11.873365 17.713224
v 32.899139 12.110836 17.734001
v 33.287369 12.780710 17.792606
v 30.389589 13.554213 17.860279
v 33.137516 13.914608 17.891809
v 32.226707 14.610838 17.952721
v 33.287369 13.554213 17.860279
v 32.226707 15.166452 11.601976
v 30.762474 15.550398 11.384611
v 30.762474 14.945761 18.295715
v 30.007545 14.193705 18.229919
v 33.856224 13.166378 18.140041
v 33.785946 13.239233 11.182411
v 33.338478 13.167461 17.826443
v 33.287369 14.109827 11.509534
v 33.338478 13.723076 11.475698
v 32.327538 15.755659 11.402569
v 31.793724 15.221031 18.319799
v 31.259909 15.755659 11.402569
v 30.539440 14.492010 11.292015
v 31.088478 15.038960 11.339867
v 32.226707 15.188240 11.352926
v 31.838478 15.217369 11.606430
v 32.588478 15.038960 11.339867
v 32.899139 14.801489 11.319091
v 33.137516 14.470222 11.541064
v 32.899139 14.224087 17.918884
v 32.588478 14.434322 18.250971
v 32.588478 14.461557 17.939661
v 33.252132 14.619236 18.267149
v 31.838478 14.661755 17.957176
v 31.088478 14.434322 18.250971
v 31.450251 14.610838 17.952721
v 30.777819 14.224087 17.918884
v 30.539440 13.887373 18.203119
v 30.389589 13.526978 18.171589
v 30.338478 13.140226 18.137753
v 30.338478 13.167461 17.826443
v 30.389589 12.780710 17.792606
v 30.539440 12.420315 17.761076
v 30.539440 12.393080 18.072388
v 30.777819 12.083601 18.045311
v 30.777819 12.110836 17.734001
v 32.226707 11.696850 18.011475
v 31.838478 11.673168 17.695709
v 33.287369 13.336325 11.441861
v 33.137516 12.975929 11.410331
v 33.338478 13.744864 11.226648
v 33.137516 12.997717 11.161282
v 32.899139 12.666451 11.383255
v 32.899139 12.688238 11.134206
v 32.226707 12.301487 11.100369
v 31.450251 12.279699 11.349419
v 31.838478 12.250570 11.095915
v 31.450251 12.301487 11.100369
v 30.777819 12.688238 11.134206
v 31.088478 12.450768 11.113430
v 30.777819 12.666451 11.383255
v 30.539440 12.975929 11.410331
v 30.539440 12.997717 11.161282
v 30.338478 13.723076 11.475698
v 30.338478 13.744864 11.226648
v 30.389589 14.109827 11.509534


f 1 25 2
f 25 1 3
f 25 3 4
f 4 3 5
f 5 3 6
f 5 6 7
f 7 6 9
f 7 9 8
f 8 9 10
f 8 10 11
f 11 10 12
f 11 12 13
f 11 13 18
f 18 13 14
f 18 14 19
f 19 14 20
f 20 14 24
f 20 24 15
f 15 24 16
f 15 16 22
f 22 16 23
f 22 23 17
f 21 8 11
f 21 11 18
f 21 18 19
f 21 19 20
f 21 20 15
f 21 15 22
f 17 21 22
f 23 21 17
f 16 21 23
f 24 21 16
f 21 24 14
f 21 14 13
f 21 13 12
f 21 12 10
f 21 10 9
f 21 9 6
f 6 3 21
f 21 7 8
f 21 5 7
f 21 4 5
f 21 25 4
f 2 25 21
f 3 1 21
f 1 2 21
f 194 209 325
f 209 194 195
f 26 117 301
f 117 26 118
f 336 27 318
f 27 336 199
f 29 28 111
f 28 29 104
f 29 221 105
f 221 29 111
f 105 31 30
f 31 105 221
f 30 102 100
f 102 30 31
f 33 32 34
f 32 33 36
f 281 34 35
f 34 281 308
f 34 188 35
f 188 34 32
f 36 37 32
f 37 36 38
f 198 94 33
f 94 198 93
f 271 89 314
f 89 271 270
f 237 39 230
f 39 237 339
f 40 215 245
f 215 40 41
f 41 40 60
f 41 60 243
f 42 253 43
f 253 42 251
f 44 43 253
f 43 44 352
f 45 352 44
f 352 45 353
f 255 353 45
f 353 255 46
f 108 46 255
f 161 258 62
f 47 258 257
f 258 47 62
f 63 257 48
f 257 63 47
f 49 48 274
f 48 49 63
f 49 275 64
f 275 49 274
f 108 61 98
f 182 362 186
f 362 182 246
f 185 362 50
f 362 185 186
f 264 50 52
f 50 264 185
f 265 52 51
f 52 265 264
f 265 51 108
f 267 161 53
f 305 267 53
f 267 305 268
f 307 268 305
f 268 307 282
f 55 282 307
f 282 55 54
f 58 55 56
f 55 58 54
f 57 56 244
f 56 57 58
f 59 244 60
f 244 59 57
f 97 61 38
f 61 97 98
f 161 62 234
f 235 62 47
f 62 235 234
f 113 47 63
f 47 113 235
f 66 63 49
f 63 66 113
f 66 64 65
f 64 66 49
f 65 348 67
f 348 65 64
f 67 350 82
f 350 67 348
f 100 220 276
f 220 100 218
f 218 100 68
f 218 68 101
f 161 271 317
f 69 72 70
f 72 69 73
f 73 71 72
f 71 73 74
f 74 75 71
f 75 74 144
f 75 78 91
f 78 75 144
f 91 77 76
f 77 91 78
f 76 79 278
f 79 76 77
f 231 80 216
f 80 231 81
f 81 231 116
f 81 116 82
f 84 83 92
f 83 84 151
f 92 152 86
f 152 92 83
f 86 85 96
f 85 86 152
f 96 154 87
f 154 96 85
f 87 88 99
f 88 87 154
f 88 108 99
f 70 270 161
f 70 89 270
f 89 70 72
f 72 90 89
f 90 72 71
f 71 313 90
f 313 71 75
f 313 91 344
f 91 313 75
f 344 76 343
f 76 344 91
f 343 278 226
f 278 343 76
f 223 92 93
f 92 223 84
f 93 86 94
f 86 93 92
f 86 95 94
f 95 86 96
f 96 97 95
f 97 96 87
f 87 98 97
f 98 87 99
f 99 108 98
f 102 68 100
f 68 102 101
f 101 102 345
f 101 345 228
f 103 104 29
f 104 103 273
f 103 105 107
f 105 103 29
f 107 30 106
f 30 107 105
f 106 100 276
f 100 106 30
f 108 190 316
f 161 109 262
f 263 109 110
f 109 263 262
f 104 110 28
f 110 104 263
f 110 297 298
f 297 110 109
f 28 298 324
f 298 28 110
f 111 324 327
f 324 111 28
f 111 326 221
f 326 111 327
f 112 235 113
f 235 112 205
f 207 113 66
f 113 207 112
f 207 65 114
f 65 207 66
f 114 67 115
f 67 114 65
f 115 82 116
f 82 115 67
f 216 302 217
f 302 216 80
f 217 117 361
f 117 217 302
f 363 117 118
f 117 363 361
f 303 118 119
f 118 303 363
f 120 149 121
f 149 120 134
f 122 121 172
f 121 122 120
f 122 173 137
f 173 122 172
f 137 124 139
f 124 137 173
f 139 123 140
f 123 139 124
f 123 108 140
f 125 126 161
f 125 142 126
f 142 125 175
f 175 143 142
f 143 175 176
f 176 129 143
f 129 176 127
f 128 129 127
f 129 128 145
f 179 145 128
f 145 179 146
f 133 146 179
f 146 133 147
f 360 130 359
f 130 360 287
f 130 287 131
f 130 131 148
f 134 150 149
f 150 134 170
f 170 134 132
f 170 132 133
f 135 134 120
f 134 135 285
f 136 120 122
f 120 136 135
f 136 137 138
f 137 136 122
f 138 139 153
f 139 138 137
f 153 140 141
f 140 153 139
f 140 108 141
f 126 69 161
f 126 73 69
f 73 126 142
f 142 74 73
f 74 142 143
f 143 144 74
f 144 143 129
f 144 145 78
f 145 144 129
f 78 146 77
f 146 78 145
f 77 147 79
f 147 77 146
f 149 148 131
f 148 149 130
f 130 149 150
f 130 150 170
f 151 135 83
f 135 151 285
f 83 136 152
f 136 83 135
f 152 138 85
f 138 152 136
f 85 153 154
f 153 85 138
f 154 141 88
f 141 154 153
f 141 108 88
f 69 70 161
f 130 284 359
f 284 130 168
f 155 131 287
f 131 155 171
f 156 171 155
f 171 156 157
f 158 156 289
f 156 158 157
f 159 289 291
f 289 159 158
f 174 291 160
f 291 174 159
f 174 160 108
f 293 162 161
f 293 177 162
f 177 293 163
f 163 164 177
f 164 163 165
f 165 166 164
f 166 165 167
f 178 167 295
f 167 178 166
f 169 295 168
f 295 169 178
f 170 168 130
f 168 170 169
f 121 131 171
f 131 121 149
f 172 171 157
f 171 172 121
f 172 158 173
f 158 172 157
f 173 159 124
f 159 173 158
f 124 174 123
f 174 124 159
f 174 108 123
f 162 125 161
f 162 175 125
f 175 162 177
f 177 176 175
f 176 177 164
f 164 127 176
f 127 164 166
f 178 127 166
f 127 178 128
f 169 128 178
f 128 169 179
f 170 179 169
f 179 170 133
f 357 181 180
f 181 357 227
f 227 357 247
f 227 247 334
f 182 358 245
f 358 182 288
f 186 288 182
f 288 186 183
f 184 186 185
f 186 184 183
f 35 187 335
f 187 35 188
f 188 330 187
f 330 188 189
f 189 332 330
f 332 189 191
f 32 189 188
f 189 32 37
f 316 260 322
f 260 316 190
f 37 191 189
f 191 37 192
f 193 180 222
f 180 193 357
f 334 318 227
f 318 334 336
f 299 195 194
f 195 299 311
f 38 192 37
f 192 38 61
f 108 192 61
f 95 38 36
f 38 95 97
f 196 198 308
f 198 196 197
f 308 33 34
f 33 308 198
f 199 320 27
f 320 199 315
f 200 211 311
f 211 200 328
f 311 201 195
f 201 311 211
f 195 202 209
f 202 195 201
f 203 119 232
f 119 203 303
f 203 232 108
f 204 161 233
f 205 204 233
f 204 205 306
f 112 306 205
f 306 112 304
f 207 304 112
f 304 207 206
f 206 114 242
f 114 206 207
f 209 208 325
f 208 209 210
f 211 310 201
f 310 211 212
f 242 115 213
f 115 242 114
f 201 238 202
f 238 201 310
f 213 116 243
f 116 213 115
f 214 197 196
f 197 214 224
f 224 214 39
f 224 39 340
f 215 217 246
f 217 215 216
f 246 361 362
f 361 246 217
f 219 218 279
f 218 219 220
f 220 219 349
f 220 349 276
f 221 222 31
f 222 221 326
f 31 180 102
f 180 31 222
f 224 223 197
f 223 224 225
f 225 224 340
f 225 340 226
f 227 319 228
f 319 227 318
f 229 196 341
f 196 229 214
f 214 229 230
f 214 230 39
f 41 216 215
f 216 41 231
f 231 41 243
f 231 243 116
f 354 118 26
f 118 354 119
f 355 119 354
f 119 355 232
f 232 355 108
f 233 161 234
f 205 234 235
f 234 205 233
f 202 210 209
f 210 202 236
f 236 356 210
f 356 236 237
f 237 250 356
f 250 237 230
f 310 239 238
f 239 310 309
f 319 240 252
f 240 319 241
f 321 240 241
f 240 321 259
f 228 252 101
f 252 228 319
f 55 242 56
f 242 55 206
f 56 213 244
f 213 56 242
f 244 243 60
f 243 244 213
f 81 351 80
f 351 81 323
f 323 81 82
f 323 82 350
f 245 246 182
f 246 245 215
f 247 248 334
f 248 247 357
f 248 357 249
f 249 357 250
f 101 251 218
f 251 101 252
f 252 253 251
f 253 252 240
f 259 253 240
f 253 259 44
f 254 44 259
f 44 254 45
f 261 45 254
f 45 261 255
f 108 255 261
f 161 256 258
f 257 256 272
f 256 257 258
f 260 259 321
f 259 260 254
f 190 254 260
f 254 190 261
f 108 261 190
f 161 262 256
f 272 262 263
f 262 272 256
f 273 263 104
f 263 273 272
f 290 185 264
f 185 290 184
f 292 264 265
f 264 292 290
f 292 265 108
f 266 161 267
f 268 266 267
f 266 268 294
f 282 294 268
f 294 282 269
f 277 285 151
f 285 277 286
f 286 277 79
f 286 79 147
f 108 191 192
f 161 328 200
f 270 271 161
f 48 272 273
f 272 48 257
f 274 273 103
f 273 274 48
f 274 107 275
f 107 274 103
f 275 106 347
f 106 275 107
f 347 276 349
f 276 347 106
f 280 151 84
f 151 280 277
f 277 280 278
f 277 278 79
f 279 251 42
f 251 279 218
f 225 84 223
f 84 225 280
f 280 225 226
f 280 226 278
f 248 281 333
f 281 248 341
f 54 269 282
f 269 54 283
f 296 54 58
f 54 296 283
f 284 58 57
f 58 284 296
f 359 57 59
f 57 359 284
f 285 132 134
f 132 285 133
f 133 285 286
f 133 286 147
f 288 287 358
f 287 288 155
f 183 155 288
f 155 183 156
f 289 183 184
f 183 289 156
f 291 184 290
f 184 291 289
f 160 290 292
f 290 160 291
f 160 292 108
f 293 161 266
f 294 293 266
f 293 294 163
f 269 163 294
f 163 269 165
f 283 165 269
f 165 283 167
f 295 283 296
f 283 295 167
f 168 296 284
f 296 168 295
f 161 312 297
f 297 299 298
f 299 297 312
f 298 194 324
f 194 298 299
f 197 93 198
f 93 197 223
f 80 300 302
f 300 80 351
f 302 301 117
f 301 302 300
f 51 303 203
f 303 51 52
f 51 203 108
f 53 161 204
f 306 53 204
f 53 306 305
f 304 305 306
f 305 304 307
f 206 307 304
f 307 206 55
f 341 308 281
f 308 341 196
f 212 309 310
f 309 212 314
f 108 332 191
f 161 200 312
f 312 311 299
f 311 312 200
f 239 344 342
f 344 239 313
f 314 90 309
f 90 314 89
f 315 322 320
f 322 315 329
f 329 316 322
f 316 329 331
f 108 316 331
f 161 297 109
f 309 313 239
f 313 309 90
f 317 314 212
f 314 317 271
f 318 241 319
f 241 318 27
f 320 241 27
f 241 320 321
f 322 321 320
f 321 322 260
f 323 279 351
f 279 323 219
f 219 323 350
f 219 350 349
f 324 325 327
f 325 324 194
f 325 326 327
f 326 325 208
f 208 222 326
f 222 208 193
f 161 317 328
f 328 212 211
f 212 328 317
f 335 315 199
f 315 335 187
f 187 329 315
f 329 187 330
f 330 331 329
f 331 330 332
f 108 331 332
f 238 342 337
f 342 238 239
f 334 333 336
f 333 334 248
f 336 335 199
f 335 336 333
f 338 226 340
f 226 338 343
f 333 35 335
f 35 333 281
f 94 36 33
f 36 94 95
f 337 338 339
f 338 337 342
f 339 340 39
f 340 339 338
f 249 341 248
f 341 249 250
f 341 250 229
f 229 250 230
f 342 343 338
f 343 342 344
f 180 345 102
f 345 180 228
f 228 180 227
f 227 180 181
f 40 59 60
f 59 40 245
f 59 245 346
f 346 245 358
f 202 337 236
f 337 202 238
f 236 339 237
f 339 236 337
f 64 347 348
f 347 64 275
f 348 349 350
f 349 348 347
f 351 42 300
f 42 351 279
f 300 43 301
f 43 300 42
f 352 301 43
f 301 352 26
f 353 26 352
f 26 353 354
f 46 354 353
f 354 46 355
f 108 355 46
f 210 193 208
f 193 210 356
f 356 357 193
f 357 356 250
f 346 359 59
f 359 346 358
f 359 358 360
f 360 358 287
f 50 361 363
f 361 50 362
f 52 363 303
f 363 52 50
f 428 482 483
f 482 428 505
f 429 478 364
f 478 429 426
f 502 484 487
f 484 502 503
f 491 446 397
f 446 491 494
f 365 502 487
f 502 365 427
f 489 497 424
f 497 489 393
f 445 394 396
f 394 445 366
f 505 448 482
f 448 505 507
f 507 367 448
f 367 507 368
f 376 431 419
f 431 376 374
f 437 369 439
f 369 437 436
f 369 436 370
f 370 436 371
f 370 371 498
f 498 371 499
f 499 371 501
f 501 371 434
f 501 434 500
f 500 434 504
f 504 434 372
f 504 372 373
f 373 372 374
f 373 374 506
f 506 374 375
f 375 374 376
f 375 376 464
f 464 376 377
f 464 377 378
f 378 377 380
f 378 380 465
f 465 380 379
f 379 380 381
f 381 380 453
f 498 441 370
f 441 498 496
f 441 496 382
f 441 382 383
f 383 382 495
f 383 495 493
f 383 493 457
f 457 493 384
f 457 384 385
f 385 384 492
f 385 492 386
f 385 386 387
f 387 386 388
f 387 388 389
f 389 388 469
f 389 469 390
f 390 469 468
f 390 468 466
f 390 466 381
f 390 381 391
f 391 381 453
f 391 453 463
f 391 463 461
f 461 463 392
f 396 393 489
f 393 396 394
f 503 483 484
f 483 503 428
f 368 478 367
f 478 368 364
f 395 396 488
f 396 395 445
f 399 445 395
f 445 399 446
f 397 399 400
f 399 397 446
f 447 400 401
f 400 447 397
f 367 421 479
f 421 367 478
f 446 366 445
f 366 446 494
f 398 414 413
f 414 398 488
f 488 398 395
f 395 398 442
f 395 442 399
f 399 442 400
f 400 442 443
f 400 443 401
f 401 443 456
f 401 456 402
f 402 456 403
f 403 456 404
f 403 404 405
f 405 404 406
f 405 406 407
f 407 406 474
f 407 474 472
f 472 474 408
f 408 474 423
f 423 474 409
f 423 409 454
f 454 409 410
f 410 409 411
f 410 411 462
f 440 412 438
f 412 440 435
f 435 440 413
f 435 413 415
f 415 413 414
f 415 414 416
f 415 416 417
f 415 417 433
f 433 417 486
f 433 486 485
f 433 485 432
f 432 485 418
f 432 418 431
f 431 418 481
f 431 481 480
f 431 480 419
f 419 480 479
f 419 479 455
f 455 479 421
f 455 421 420
f 420 421 476
f 420 476 422
f 420 422 423
f 420 423 454
f 424 427 365
f 427 424 497
f 425 426 429
f 426 425 477
f 460 447 458
f 447 460 490
f 497 394 393
f 394 497 427
f 394 427 366
f 366 427 494
f 494 427 502
f 494 502 503
f 494 503 491
f 491 503 428
f 491 428 490
f 490 428 505
f 490 505 460
f 460 505 507
f 460 507 459
f 459 507 368
f 459 368 470
f 470 368 364
f 470 364 444
f 444 364 429
f 444 429 430
f 430 429 425
f 430 425 452
f 452 425 467
f 374 432 431
f 432 374 372
f 372 433 432
f 433 372 434
f 434 415 433
f 415 434 371
f 436 415 371
f 415 436 435
f 437 435 436
f 435 437 412
f 439 412 437
f 412 439 438
f 369 438 439
f 438 369 440
f 370 440 369
f 440 370 413
f 441 413 370
f 413 441 398
f 441 442 398
f 442 441 383
f 383 443 442
f 443 383 457
f 458 401 402
f 401 458 447
f 451 402 403
f 402 451 458
f 444 449 471
f 449 444 470
f 396 424 489
f 424 396 445
f 424 445 365
f 365 445 446
f 365 446 487
f 487 446 484
f 484 446 397
f 484 397 483
f 483 397 447
f 483 447 458
f 483 458 482
f 482 458 448
f 448 458 451
f 448 451 367
f 367 451 449
f 367 449 478
f 478 449 471
f 478 471 426
f 426 471 473
f 426 473 477
f 477 473 450
f 477 450 475
f 467 477 425
f 477 467 475
f 444 473 430
f 473 444 471
f 470 451 449
f 451 470 459
f 430 450 452
f 450 430 473
f 410 453 454
f 453 410 463
f 454 380 420
f 380 454 453
f 380 455 420
f 455 380 377
f 377 419 455
f 419 377 376
f 457 456 443
f 456 457 385
f 385 404 456
f 404 385 387
f 459 458 451
f 458 459 460
f 452 475 467
f 475 452 450
f 409 461 411
f 461 409 391
f 411 392 462
f 392 411 461
f 462 463 410
f 463 462 392
f 464 364 368
f 364 464 378
f 465 364 378
f 364 465 429
f 379 429 465
f 429 379 425
f 381 425 379
f 425 381 467
f 466 467 381
f 467 466 452
f 468 452 466
f 452 468 430
f 469 430 468
f 430 469 444
f 469 470 444
f 470 469 388
f 388 459 470
f 459 388 386
f 386 460 459
f 460 386 492
f 449 403 405
f 403 449 451
f 471 405 407
f 405 471 449
f 471 472 473
f 472 471 407
f 473 408 450
f 408 473 472
f 387 406 404
f 406 387 389
f 389 474 406
f 474 389 390
f 474 391 409
f 391 474 390
f 450 423 475
f 423 450 408
f 475 422 477
f 422 475 423
f 477 476 426
f 476 477 422
f 426 421 478
f 421 426 476
f 448 479 480
f 479 448 367
f 482 480 481
f 480 482 448
f 483 481 418
f 481 483 482
f 484 418 485
f 418 484 483
f 487 485 486
f 485 487 484
f 417 487 486
f 487 417 365
f 416 365 417
f 365 416 424
f 414 424 416
f 424 414 489
f 488 489 414
f 489 488 396
f 490 397 447
f 397 490 491
f 492 490 460
f 490 492 384
f 384 491 490
f 491 384 493
f 491 495 494
f 495 491 493
f 494 382 366
f 382 494 495
f 366 496 394
f 496 366 382
f 394 498 393
f 498 394 496
f 393 499 497
f 499 393 498
f 497 501 427
f 501 497 499
f 427 500 502
f 500 427 501
f 500 503 502
f 503 500 504
f 504 428 503
f 428 504 373
f 373 505 428
f 505 373 506
f 506 507 505
f 507 506 375
f 375 368 507
f 368 375 464
